		609.98	612.958	615.934	618.909	621.883	624.858	627.829	630.8	633.77	636.739	
-5	-5	-1.84913	1.33215	6.0889	1.2741	-6.68646	-5.08751	-5.06615	1.33274	-0.247533	1.34803	
-5	-4	1.50603	-6.50873	-0.140273	-4.94125	2.99776	-0.17021	-1.73451	1.47936	-0.101749	4.68221	
-5	-3	-0.543924	-0.562133	-0.586511	-0.612304	0.964728	-8.56121	-3.76807	1.03908	2.6497	-2.13416
-5	-2	-0.788637	-5.60171	2.36077	3.92047	-0.865694	-5.62577	2.3518	-3.99731	5.58425	3.9868	-2.39305
-5	-1	-5.4214	0.962637	-3.8505	0.904782	0.890228	-2.2773	-0.658905	-5.41401	0.978914	0.979302
-5	0	-4.56787	-1.38241	-4.59509	1.75363	-1.44084	0.158108	1.77736	3.4009	1.81998	1.81881	0.22134	
-5	1	0.657222	-0.961379	3.80086	-2.59947	-4.19838	-1.01081	5.38222	2.22705	0.645253	-2.54456
-5	2	-2.35581	-0.773025	-0.797739	-0.823867	-2.42553	3.94389	-0.796468	4.01509	-3.94463	0.841496	
-5	3	-2.91665	1.86462	-1.35495	-7.74409	4.96627	3.38795	-4.54036	1.85719	3.46613	3.46443	3.45987	-4.50315
-5	4	-2.60034	-5.81275	-1.04161	2.11525	-4.25793	0.521671	-4.2232	2.1784	5.3851	2.19454	2.19165	0.60513
-5	5	1.24499	-5.17057	-0.399926	-0.426217	-0.438865	2.75155	4.37696	1.22317	1.23803	1.23818	1.23572	2.83611
-4	-5	1.98888	0.366809	1.93421	-7.64661	0.296032	-1.28128	1.93216	-1.22321	5.17271	3.57706	-1.20755
-4	-4	-3.89241	-0.709331	0.859227	-7.12911	-3.955	-2.35279	-2.32237	0.896504	-2.27643	2.51017
-4	-3	0.708945	-4.10758	-0.934914	2.22199	2.20556	-5.73019	0.659905	0.690821	3.89675	-2.48236	-2.48246
-4	-2	-3.10944	-3.12315	-3.14166	-3.16128	-1.5811	0.0185099	0.0463344	0.0737001	3.27763	-1.50739	6.45985	
-4	-1	3.3966	1.77299	0.148864	0.121832	0.108442	-1.47088	1.73861	-1.42066	-3.00344	-1.40746	-1.40883	4.97194
-4	0	-4.38212	-2.79484	-1.21869	3.53169	-2.84297	6.70415	-1.21911	-2.78891	2.00833	-1.18175	3.59774	5.19715
-4	1	-2.51719	-0.933831	-0.957977	-0.983538	0.593725	2.19569	-0.954437	0.668768	0.684353	-0.909392	2.2772
-4	2	-1.71951	-0.137485	1.43204	-0.189844	-0.203088	4.5764	-1.75681	-0.137293	-1.71912	4.66021	-0.125781	-3.30709
-4	3	-0.906178	-4.12142	-2.5438	0.61672	-0.986779	0.614452	3.83	-2.51221	-0.903238	2.28728	2.28438	0.697847
-4	4	-5.2183	-0.433293	-2.05414	2.6961	-0.498822	-2.07438	4.32498	1.1761	1.1943	2.79094	4.38289	-1.98271	1.22947	
-4	5	-6.27828	0.106763	3.26962	1.64224	-4.73019	4.81917	-3.10186	1.7084	0.130041	1.72605	-3.0572	3.32555	0.160206
-3	-5	0.526207	-4.28885	-2.70902	-4.32014	2.02957	0.450642	2.07038	-1.08896	2.11398	-2.67055	0.516319	3.70959	
-3	-4	0.767467	-0.852088	3.90851	-2.49362	3.85309	-2.49256	2.31025	-0.845425	-0.830903	2.35962	-0.830684	0.77019	-3.99386
-3	-3	-0.687985	-0.70614	0.864535	0.83513	-2.35748	-0.756662	-0.727631	2.48985	-2.27974	2.50612	-0.68411	-0.67687
-3	-2	2.7125	-2.10679	-2.12756	2.6244	1.01886	-2.14831	-0.529575	-0.500963	-3.67688	1.10968	4.29522	4.3025	-3.64885
-3	-1	1.55765	-0.063953	-6.47107	1.47155	3.04504	4.6485	1.50374	-3.24562	-0.0405927	3.15004	-0.0403997	-1.62616	3.17985	
-3	0	-2.21071	-2.2281	-3.84667	-2.27665	-2.28799	-5.45493	-2.24581	-6.99985	-2.20114	-0.604412	-6.98038
-3	2	1.90132	0.279789	-9.31726	0.2241	3.38899	1.81319	0.255749	-1.30699	3.49419	-2.88412	1.89768	0.311989	0.334137
-3	3	-0.656057	2.52336	-0.696727	0.870272	0.855915	-5.49338	0.892062	-2.27054	-5.45038	5.71366	2.52026	0.93154
-3	4	-5.5749	-2.38947	-7.19787	-8.80302	-7.21642	-0.846653	0.777803	-5.5658	0.829172	-3.95372	0.828223	4.02379
-3	5	-2.73715	-2.75214	-1.17762	1.97964	-1.21479	-2.79248	2.01073	2.04437	3.6562	-1.12793	0.465118	-1.12101	-1.10071
-2	-5	-0.513945	-5.32788	2.63305	-0.582943	0.993882	-0.583925	-2.14724	-3.71576	-2.10779	1.0832	4.26844	1.08801	4.29936
-2	-4	-3.65181	4.32789	-2.08728	-0.518355	-0.530782	-3.69881	-2.08286	-2.05699	4.33754	-2.04187	-0.448577	-2.03537
-2	-3	-0.739682	-7.15224	-0.782912	-0.809026	2.35687	2.3691	0.810506	-0.753385	-3.92971	4.04566	4.04155	0.861008	-0.713108
-2	-2	-0.565311	-0.585696	-5.39793	-2.23308	-2.24458	-5.41169	-2.20273	-5.36248	-3.75365	1.0328	-5.34424	-5.33641
-2	1	3.91859	-0.900885	3.86452	3.83299	3.81511	2.23129	2.25212	3.867	7.06635	5.466	5.45832	7.05349	8.66562	-0.888152	5.53213	8.7571
-2	2	-0.798275	-7.20977	-4.02869	-2.45423	2.30339	0.723707	-0.841481	2.3715	3.98006	-0.805889	0.785608	3.97813	0.808553
-2	3	0.000161171	-3.21612	-6.42453	-0.0713943	-3.26296	-6.43275	4.7301	-0.0186998	4.7806	-3.19421	3.18033	3.18646	4.80325
-2	4	-0.215748	-6.62893	-0.260231	-1.8783	-0.300068	-1.8791	2.92277	1.36062	4.56558	2.96935	2.96552	-1.80934	-1.7918	6.22354	-0.135779
-2	5	-1.77959	-1.79581	1.37248	-1.84047	-0.262124	4.51763	-1.81532	1.39891	-0.18184	3.00786	-3.37066	-0.176898	-1.75294
-1	-5	-0.40814	1.17162	2.73819	4.29586	-3.66918	-3.65911	-0.451341	-2.01782	1.18591	-0.408601	1.18352	1.19017	1.21095	-0.354319
-1	-4	-9.77163	-0.183863	-6.59093	1.35174	1.33609	2.93912	-0.208013	-6.55415	-0.160162	-1.75333	-0.159872	-0.151882	-1.72487
-1	-3	1.25595	-3.56112	-3.57899	1.17603	1.16121	1.17277	-3.57261	2.82848	-0.34641	1.24899	-1.94089	1.25319	4.46423	-1.88894
-1	-1	4.40772	-3.61178	1.15557	-2.05683	-3.65629	-0.466624	-3.6221	4.37369	-0.395428	-0.39441	-0.395735	1.20488	4.41615
-1	0	-2.34919	-2.3647	2.39931	0.774727	-0.828877	0.77225	0.803525	2.42875	-0.745752	-2.3392	-2.33945	2.44873	0.876221
-1	1	-10.4089	-5.6163	-2.44252	-4.05851	-12.0133	-0.87579	0.748836	2.37769	-0.794729	-5.5768	-3.98117	-5.56655
-1	2	-3.91081	-2.32489	-0.750785	-0.776603	-0.78878	3.99178	0.843814	-0.719783	0.890001	-0.704001	-2.29878	4.0832
-1	3	-2.73909	5.23969	-2.77139	0.391622	-4.38926	-4.38033	3.60064	2.03825	0.457144	-2.73198	5.23613	0.461021	0.479742
-1	4	2.1021	0.48125	-4.32943	-1.16287	2.00419	0.425284	2.04504	-2.70875	-4.29242	6.87187	2.08475	-2.69048	-2.67471	2.1423
-1	5	1.99133	-1.22819	0.344468	0.317205	-1.2856	3.49303	-4.43506	-2.82066	-1.21395	-1.21347	1.97234	3.57176	0.402793
0	-5	-5.64006	-2.45228	-0.877642	-4.08559	0.674606	2.27685	3.90325	-0.843988	0.766326	0.767472	3.95342	-0.82	0.795528
0	-4	-1.91104	-1.92721	-3.54386	-0.380447	1.1958	-1.97226	-1.94649	-1.92112	2.87763	6.06607	-3.50164	1.28587	-0.28871
0	-3	-0.925745	-2.54147	2.22433	0.6017	-1.00147	-0.992207	-0.967484	2.24575	-0.931279	3.8527	0.660582	-2.52147	0.684015
0	-2	-6.53347	-0.147107	-1.76724	-1.79012	1.37748	2.97846	4.60361	-0.144893	-0.131112	4.65329	-0.132373	-0.125942	1.48833
0	-1	-0.176562	-4.99121	1.37401	-3.43037	-0.260777	2.92922	-3.40624	-1.78892	1.41443	-1.77508	1.41127	4.60495	4.62817	-0.127712
0	0	-2.62943	2.15158	3.71674	0.498996	-1.10429	2.08419	-4.25471	-2.64079	6.9418	0.560056	-2.63035	2.156	-4.20509
0	1	-0.722816	-5.53682	2.42404	-0.792018	2.37392	-0.793135	-0.764432	-0.736188	-0.721924	-0.720901	0.871482	2.4721	4.08968
0	2	1.68838	0.0670432	0.0401871	1.60309	-1.5907	0.0115841	3.22818	-1.51853	-6.28879	0.093976	-1.50066	6.47607	1.71872	1.75529
0	3	-3.87086	0.911982	2.47898	-3.91959	-5.51674	2.4416	-0.708873	2.50844	-0.666053	0.929746	-0.666036	4.12214	2.55106
0	4	-3.02603	1.75575	-1.46331	0.104724	-4.67614	0.101806	4.90587	1.75141	1.76559	3.35968	-1.42548	-6.20058	3.38321	0.222185
0	5	1.88357	1.86059	0.235075	-1.38484	-2.98529	-4.56298	-4.53797	-1.3244	0.286292	1.88243	3.47413	5.0759	1.91211	3.54622
1	-5	-1.69606	-0.11375	1.45606	1.42579	1.41067	-0.167739	1.45251	-4.89524	-0.0981413	1.49696	1.49419	1.50057	-3.26427	-0.0444671
1	-4	1.31445	-0.305367	1.26497	-0.356098	-0.368529	-0.357229	1.26356	-1.89475	2.90451	2.90422	1.30736	-0.279441	-6.64028	-0.229711
1	-2	-0.314243	-0.332823	-1.95257	-3.5664	1.19293	-0.385045	-0.356439	-1.92275	2.87642	2.87604	1.27909	2.87961	4.49709	-3.45364
1	-1	-11.0815	-9.48408	-4.70578	-4.72411	-4.73183	-4.72109	-1.51265	3.29937	1.72122	0.126718	-1.46882	-4.6489	-1.44146
1	0	-2.76059	-1.17585	-7.57793	0.370052	5.12423	-2.81228	-2.78936	-2.76679	2.03072	5.21938	3.62068	3.62665	-1.13718
1	1	-5.06563	-6.67626	-1.90467	-0.338685	-0.352541	-5.10903	-3.49236	-3.46577	-3.45161	-3.44921	1.33221	1.33984	
1	2	2.31598	-0.904635	-4.11875	2.22837	2.21218	-0.954342	-0.925107	-2.49079	-2.47681	-0.879982	2.30664	2.31408	0.741954
1	3	-5.18232	2.8004	-0.421063	1.1444	-3.63752	2.73169	-5.19501	1.20416	1.21944	1.22001	1.21797	-1.96232	4.43656	-1.91617
1	4	-6.18207	-1.39607	-3.01523	-3.03715	-1.45775	-3.03563	0.175317	-2.9825	-2.96856	-2.9664	-2.96632	-2.95892
1	5	-4.92478	-0.13944	-0.164264	-3.37316	-0.203097	-0.191961	1.42866	3.05356	-0.121264	-0.120412	-1.71561	4.66595	3.09454	
2	-5	-3.65945	-2.0733	-3.68895	1.06679	1.0527	-2.11436	-2.0876	1.12767	1.14323	1.14408	4.32974	5.93083	-0.423866	-0.393277	-3.56166
2	-4	-4.27382	-4.28608	-1.11313	2.04404	3.61708	-2.72825	2.07487	-4.26939	2.12491	2.1252	3.71633	-1.05729	3.74827	-1.00639
2	-3	0.301882	1.88071	-1.33863	-2.95355	4.98304	-4.54339	8.21357	0.280185	0.293261	-1.30152	-2.89682	-2.89109	0.314765	
2	-2	-1.43119	1.74942	1.72051	-3.08396	3.2639	-3.08324	-4.65221	0.151555	0.165075	-3.02388	3.3507	3.35687	0.188351
2	-1	2.38018	-2.43911	2.32511	3.8834	-5.6702	-0.890987	0.730166	-2.42777	-2.41396	2.37193	0.775439	-2.40469	3.99436	-0.760524	
2	0	-8.73411	-2.34553	-2.36846	-0.801469	0.774864	-3.98013	-0.767953	-2.33007	-2.31409	-2.31134	-0.717236	-0.708602
2	1	-3.62161	-2.03615	-2.05751	-2.08012	2.67693	1.09933	1.13024	1.16064	5.96132	-0.418961	-2.0142	-3.6012	1.20074	2.83091	1.26793
2	2	-1.93073	-8.34229	-1.97196	-0.405748	-2.00855	-0.406625	-3.55873	-1.93744	-1.92223	-5.10949	-3.51433	-0.319063
2	3	-4.60447	-4.61541	3.34452	0.127519	1.70334	0.124533	1.74439	0.179612	0.192943	0.193033	1.78448	0.196761	3.4057	-1.35306
2	4	-1.77804	-1.79371	4.56512	2.93671	-5.02593	-3.42643	-0.218409	-1.78464	1.41934	3.01432	-0.176256	-3.35676	1.44538	4.67344
2	5	-1.18045	-1.19715	-1.21933	-2.8341	-1.25408	3.5247	-1.21906	0.400237	2.00874	2.00807	2.00479	-1.17674	-1.15955	-1.13306
3	-5	0.596621	-9.01386	0.55157	-2.65812	0.511166	2.11118	0.549263	-2.61236	3.78041	-2.59931	0.587653	0.593612	5.39764
3	-4	1.85081	1.82859	-2.98549	0.177522	-3.01418	-4.59444	3.38653	-1.36478	1.8383	1.83775	-1.35281	-1.34682	5.05096	-1.3029
3	-3	3.60953	-1.20905	-2.82206	5.11946	6.68883	3.51389	5.12487	8.33464	1.96206	1.95702	5.13755	6.73079	1.95911	6.76978	9.99835	6.81565	10.0282
3	-2	3.03501	1.41387	4.57857	-1.82064	-0.241575	2.94395	-1.80776	6.18152	3.00273	7.78347	9.36897	2.99693	6.20266	11.0269	3.0664	3.08606	4.69811
3	-1	2.885	-0.335753	2.83067	-1.97548	-5.1644	1.2012	-3.54878	4.44221	1.26514	-1.9255	1.26	2.85819	4.47194	-6.67909	-1.8619	1.36047	1.37117
3	0	-2.84933	1.93236	-4.4768	-2.90153	-1.32147	1.86769	3.4899	-1.26148	6.72733	1.94089	-1.24975	0.34987	-1.22661	3.59302	2.02926	5.25868	5.27287	
3	1	-1.64486	1.53603	-4.87258	1.47721	1.46217	3.06317	3.09625	-0.060145	-1.64162	-3.23502	1.54614	-0.0411181	-1.61706	3.20309	-3.16163
3	2	-2.86835	1.91327	-2.90095	-4.51208	-4.51911	0.258672	5.06257	1.90795	0.326696	1.92128	5.10539	-2.85728	1.94382	0.377751	-1.19168
3	3	-3.05996	-3.07365	0.0978708	1.66229	0.057688	3.24749	3.28018	-1.47105	0.136825	-1.45761	1.72854	-3.0465	1.75482	0.188964	
3	4	0.948632	0.927335	2.49418	-3.90453	-0.734284	-0.722967	-3.87843	-7.04383	2.53882	4.13316	2.53541	0.948625	2.5648	-0.595315
3	5	-2.36414	-5.57672	-0.805758	-0.831732	-0.844063	3.93634	3.9724	0.818926	-3.95172	-5.54391	4.01983	2.43313	4.0508	2.49104	0.928372
4	-5	-3.76369	1.01912	-2.19891	0.961485	2.53622	5.72797	-2.19396	-5.35687	-0.559109	-2.15258	-0.559149	4.229	2.65789	-0.502108	
4	-4	-0.613677	-3.82895	0.938634	2.50046	-0.694408	0.906791	-2.24604	0.968973	0.984276	-0.60975	0.982856	-2.19742	2.60638
4	-3	-1.45342	1.72678	-3.08752	1.66659	-1.5275	-1.51783	1.69147	0.126479	0.139593	1.73409	-1.45671	1.73646	0.161246	3.3856	0.221191
4	-2	-0.140775	-0.159949	-1.78029	-3.39471	2.9532	-0.214546	-1.77862	1.43548	3.04514	-0.14507	3.04033	-3.32826	1.47321	7.89599	-0.0610437
4	-1	-4.88344	-1.69705	-0.123812	1.44084	-1.75271	-4.92184	-0.124745	-0.0971132	4.70236	4.70081	-0.0849823	-1.67238	3.13058	1.56753	3.20236
4	0	0.203917	-3.0127	-1.43646	-1.45998	0.117807	3.30733	0.155578	3.37162	1.79112	-2.99348	3.38072	3.38652	-2.97261	-2.94877	5.07913
4	1	0.751209	-5.66247	-0.889257	2.26984	-2.51344	-5.68361	-0.88949	3.91859	0.742776	-2.4466	3.92756	3.93331	2.35949	-0.804374
4	2	-0.926085	-2.54201	2.22359	-0.990557	-1.00259	3.77548	-2.56108	-0.944872	2.25737	3.8506	0.658293	-0.930249
4	3	-5.7173	-0.930593	0.64163	-2.56873	6.9566	0.60955	0.636623	2.25769	-0.919402	0.675266	0.672318	-0.916101
4	4	3.82385	3.79745	3.76282	2.13497	0.52961	-1.04772	-2.61055	0.604784	-2.57013	-0.973291	-2.56777	-2.56031
4	5	-2.45092	-4.0646	3.89325	0.674004	-0.929265	2.26187	-0.888281	-0.859551	-0.844801	-0.843292	2.34328	2.35068
5	-5	-1.10626	0.475162	-1.14591	-5.94373	-2.77061	3.59697	0.444912	3.66065	0.484576	2.0788	0.481438	5.26804
5	-4	-5.82615	0.558191	-1.06464	3.68361	-2.69166	-1.09085	3.71444	2.15566	2.17188	3.76654	-4.20572	3.77004	-5.77647
5	-3	2.64421	-2.17529	0.993721	0.96414	2.5389	-3.80734	-0.599147	-0.570751	1.03894	-0.555159	-3.74373	2.63815	1.06564
5	-2	-1.60329	-1.62144	-3.24076	-6.44549	-4.86195	-6.44095	-1.64291	-1.61434	-3.19502	-6.38224	-0.00567398
5	-1	-2.29649	-0.713193	-7.11739	2.41965	0.814192	0.826434	0.858005	-0.705391	0.904593	-0.689209	2.49732
5	0	-2.79269	0.390632	0.365118	0.33819	5.09245	1.92502	3.54737	-1.20388	0.403977	-4.37971	-2.78545	0.408014
5	1	3.15479	3.12988	-3.28255	-0.119398	3.04577	-0.122063	1.49795	-3.25558	-3.24372	4.73094	-3.24242	1.54483
5	2	-5.71194	2.27187	2.24218	0.619579	-4.16192	3.79473	-2.54161	0.669278	-4.10381	2.27612	3.86606	0.684036
5	3	-7.62647	-2.83641	0.334858	-4.4663	1.88336	3.48373	-1.26009	0.359152	1.9676	-2.81698	1.96354	1.96937	
5	4	-1.5524	-1.56899	3.19394	-1.61438	1.55278	3.15332	3.18593	-3.15984	-1.55286	1.63713	-1.55343	0.046259
5	5	2.22862	0.607142	0.580141	2.1429	0.538151	-1.03857	-1.0087	-0.979304	0.63139	0.632916	-2.55557
